bc(). eps     |    [A : B]        |    Res    |     ERR     |   Flag   | RES1 + RES2
--------+-------------------+-----------+-------------+----------+-------------
0,000010| 0,500000:0,643490 |   11,769476 |5,209781e-14 | 23,000038 |   
0,000010| 0,643510:1,000000 |   13,443570 |5,672858e-14 | 28,812500 | 25,213046
--------+-------------------+-------------+-------------+----------+-------------
0,000015| 0,500000:0,643485 |   11,304943 |2,336252e-14 | 21,000000 |   
0,000015| 0,643515:1,000000 |   12,885827 |2,229242e-14 | 20,000000 | 24,190769
--------+-------------------+-------------+-------------+----------+-------------
0,000020| 0,500000:0,643480 |   10,967040 |1,419706e-14 | 21,000001 |   
0,000020| 0,643520:1,000000 |   12,501524 |1,505367e-14 | 20,000000 | 23,468563
--------+-------------------+-------------+-------------+----------+-------------
0,000025| 0,500000:0,643475 |   10,701314 |1,412639e-14 | 16,000000 |   
0,000025| 0,643525:1,000000 |   12,208004 |1,097733e-14 | 16,000000 | 22,909318
--------+-------------------+-------------+-------------+----------+-------------
0,000030| 0,500000:0,643470 |   10,482293 |1,670673e-14 | 16,000000 |   
0,000030| 0,643530:1,000000 |   11,970468 |8,177372e-15 | 16,000000 | 22,452761
--------+-------------------+-------------+-------------+----------+-------------
0,000035| 0,500000:0,643465 |   10,295988 |1,237456e-14 | 16,000000 |   
0,000035| 0,643535:1,000000 |   11,770943 |1,077833e-14 | 20,000000 | 22,066931
--------+-------------------+-------------+-------------+----------+-------------
0,000040| 0,500000:0,643460 |   10,133883 |2,528365e-14 | 35,000122 |   
0,000040| 0,643540:1,000000 |   11,598925 |1,028699e-14 | 20,000000 | 21,732808
--------+-------------------+-------------+-------------+----------+-------------
0,000045| 0,500000:0,643455 |    9,990409 |9,638506e-15 | 8,000000 |   
0,000045| 0,643545:1,000000 |   11,447740 |6,421865e-15 | 8,000000 | 21,438149
--------+-------------------+-------------+-------------+----------+-------------
0,000050| 0,500000:0,643450 |    9,861720 |8,458511e-15 | 8,000000 |   
0,000050| 0,643550:1,000000 |   11,312883 |6,251021e-15 | 8,000000 | 21,174603
--------+-------------------+-------------+-------------+----------+-------------
0,000055| 0,500000:0,643445 |    9,745052 |9,719161e-15 | 12,000000 |   
0,000055| 0,643555:1,000000 |   11,191169 |6,056564e-15 | 8,000000 | 20,936221
--------+-------------------+-------------+-------------+----------+-------------
0,000060| 0,500000:0,643440 |    9,638351 |6,091544e-15 | 4,000000 |   
0,000060| 0,643560:1,000000 |   11,080261 |4,743291e-15 | 8,000000 | 20,718611
--------+-------------------+-------------+-------------+----------+-------------
0,000065| 0,500000:0,643435 |    9,540046 |5,242087e-15 | 0,000000 |   
0,000065| 0,643565:1,000000 |   10,978396 |7,454021e-15 | 16,000000 | 20,518442
--------+-------------------+-------------+-------------+----------+-------------
0,000070| 0,500000:0,643430 |    9,448911 |3,531884e-15 | 8,000000 |   
0,000070| 0,643570:1,000000 |   10,884210 |3,609466e-15 | 8,000000 | 20,333121
--------+-------------------+-------------+-------------+----------+-------------
0,000075| 0,500000:0,643425 |    9,363973 |4,363991e-15 | 12,000000 |   
0,000075| 0,643575:1,000000 |   10,796626 |3,651473e-15 | 4,000000 | 20,160599
--------+-------------------+-------------+-------------+----------+-------------
0,000080| 0,500000:0,643420 |    9,284441 |4,541087e-15 | 8,000000 |   
0,000080| 0,643580:1,000000 |   10,714779 |3,710264e-15 | 4,000000 | 19,999219
--------+-------------------+-------------+-------------+----------+-------------
0,000085| 0,500000:0,643415 |    9,209668 |3,296378e-15 | 4,000000 |   
0,000085| 0,643585:1,000000 |   10,637963 |4,147205e-15 | 4,000000 | 19,847630
--------+-------------------+-------------+-------------+----------+-------------
0,000090| 0,500000:0,643410 |    9,139117 |4,000171e-15 | 8,000000 |   
0,000090| 0,643590:1,000000 |   10,565595 |4,662975e-15 | 4,000000 | 19,704711
--------+-------------------+-------------+-------------+----------+-------------
0,000095| 0,500000:0,643405 |    9,072336 |3,369442e-15 | 8,000000 |   
0,000095| 0,643595:1,000000 |   10,497188 |3,548041e-15 | 8,000000 | 19,569524
--------+-------------------+-------------+-------------+----------+-------------
0,000100| 0,500000:0,643400 |    9,008943 |2,104404e-15 | 0,000000 |   
0,000100| 0,643600:1,000000 |   10,432331 |3,568260e-15 | 8,000000 | 19,441274
--------+-------------------+-------------+-------------+----------+-------------
0,000105| 0,500000:0,643395 |    8,948610 |2,587156e-15 | 0,000000 |   
0,000105| 0,643605:1,000000 |   10,370674 |5,217518e-15 | 12,000000 | 19,319284
--------+-------------------+-------------+-------------+----------+-------------
0,000110| 0,500000:0,643390 |    8,891057 |3,420505e-15 | 8,000000 |   
0,000110| 0,643610:1,000000 |   10,311915 |3,869925e-15 | 8,000000 | 19,202972
--------+-------------------+-------------+-------------+----------+-------------
0,000115| 0,500000:0,643385 |    8,836037 |3,581001e-15 | 4,000000 |   
0,000115| 0,643615:1,000000 |   10,255795 |3,040203e-15 | 4,000000 | 19,091832
--------+-------------------+-------------+-------------+----------+-------------
0,000120| 0,500000:0,643380 |    8,783337 |2,674066e-15 | 4,000000 |   
0,000120| 0,643620:1,000000 |   10,202086 |3,289752e-15 | 4,000000 | 18,985423
--------+-------------------+-------------+-------------+----------+-------------
0,000125| 0,500000:0,643375 |    8,732770 |1,940652e-15 | 0,000000 |   
0,000125| 0,643625:1,000000 |   10,150590 |3,802597e-15 | 4,000000 | 18,883360
--------+-------------------+-------------+-------------+----------+-------------
0,000130| 0,500000:0,643370 |    8,684169 |3,139962e-15 | 8,000000 |   
0,000130| 0,643630:1,000000 |   10,101132 |2,887426e-15 | 4,000000 | 18,785301
--------+-------------------+-------------+-------------+----------+-------------
0,000135| 0,500000:0,643365 |    8,637387 |2,616937e-15 | 4,000000 |   
0,000135| 0,643635:1,000000 |   10,053556 |2,960106e-15 | 4,000000 | 18,690943
--------+-------------------+-------------+-------------+----------+-------------
0,000140| 0,500000:0,643360 |    8,592294 |1,940991e-15 | 0,000000 |   
0,000140| 0,643640:1,000000 |   10,007724 |2,687054e-15 | 0,000000 | 18,600018
--------+-------------------+-------------+-------------+----------+-------------
0,000145| 0,500000:0,643355 |    8,548771 |3,132541e-15 | 4,000000 |   
0,000145| 0,643645:1,000000 |    9,963514 |2,785003e-15 | 4,000000 | 18,512285
--------+-------------------+-------------+-------------+----------+-------------
0,000150| 0,500000:0,643350 |    8,506713 |2,571258e-15 | 4,000000 |   
0,000150| 0,643650:1,000000 |    9,920813 |2,426575e-15 | 4,000000 | 18,427526
--------+-------------------+-------------+-------------+----------+-------------
0,000155| 0,500000:0,643345 |    8,466023 |2,624259e-15 | 4,000000 |   
0,000155| 0,643655:1,000000 |    9,879524 |3,076270e-15 | 4,000000 | 18,345547
--------+-------------------+-------------+-------------+----------+-------------
0,000160| 0,500000:0,643340 |    8,426617 |2,863255e-15 | 4,000000 |   
0,000160| 0,643660:1,000000 |    9,839554 |3,075746e-15 | 4,000000 | 18,266171
--------+-------------------+-------------+-------------+----------+-------------
0,000165| 0,500000:0,643335 |    8,388416 |2,673531e-15 | 8,000000 |   
0,000165| 0,643665:1,000000 |    9,800823 |3,460558e-15 | 8,000000 | 18,189239
--------+-------------------+-------------+-------------+----------+-------------
0,000170| 0,500000:0,643330 |    8,351347 |2,493452e-15 | 0,000000 |   
0,000170| 0,643670:1,000000 |    9,763255 |3,050595e-15 | 8,000000 | 18,114603
--------+-------------------+-------------+-------------+----------+-------------
0,000175| 0,500000:0,643325 |    8,315347 |1,320845e-15 | 0,000000 |   
0,000175| 0,643675:1,000000 |    9,726784 |3,093709e-15 | 4,000000 | 18,042131
--------+-------------------+-------------+-------------+----------+-------------
0,000180| 0,500000:0,643320 |    8,280354 |2,340307e-15 | 4,000000 |   
0,000180| 0,643680:1,000000 |    9,691347 |3,096147e-15 | 4,000000 | 17,971701
--------+-------------------+-------------+-------------+----------+-------------
0,000185| 0,500000:0,643315 |    8,246315 |2,282974e-15 | 4,000000 |   
0,000185| 0,643685:1,000000 |    9,656886 |2,476546e-15 | 4,000000 | 17,903201
--------+-------------------+-------------+-------------+----------+-------------
0,000190| 0,500000:0,643310 |    8,213178 |2,559707e-15 | 4,000000 |   
0,000190| 0,643690:1,000000 |    9,623351 |2,780252e-15 | 4,000000 | 17,836528
--------+-------------------+-------------+-------------+----------+-------------
0,000195| 0,500000:0,643305 |    8,180897 |1,948100e-15 | 0,000000 |   
0,000195| 0,643695:1,000000 |    9,590691 |2,545916e-15 | 0,000000 | 17,771587
--------+-------------------+-------------+-------------+----------+-------------
0,000200| 0,500000:0,643300 |    8,149428 |3,173902e-15 | 8,000000 |   
0,000200| 0,643700:1,000000 |    9,558862 |2,748914e-15 | 4,000000 | 17,708291
--------+-------------------+-------------+-------------+----------+-------------
0,000205| 0,500000:0,643295 |    8,118733 |1,728388e-15 | 0,000000 |   
0,000205| 0,643705:1,000000 |    9,527824 |2,391755e-15 | 0,000000 | 17,646557
--------+-------------------+-------------+-------------+----------+-------------
0,000210| 0,500000:0,643290 |    8,088774 |1,505720e-15 | 0,000000 |   
0,000210| 0,643710:1,000000 |    9,497538 |2,194685e-15 | 0,000000 | 17,586312
--------+-------------------+-------------+-------------+----------+-------------
0,000215| 0,500000:0,643285 |    8,059516 |2,132840e-15 | 4,000000 |   
0,000215| 0,643715:1,000000 |    9,467968 |2,540152e-15 | 4,000000 | 17,527484
--------+-------------------+-------------+-------------+----------+-------------
0,000220| 0,500000:0,643280 |    8,030927 |1,748790e-15 | 4,000000 |   
0,000220| 0,643720:1,000000 |    9,439082 |1,958165e-15 | 0,000000 | 17,470009
--------+-------------------+-------------+-------------+----------+-------------
0,000225| 0,500000:0,643275 |    8,002977 |2,066802e-15 | 4,000000 |   
0,000225| 0,643725:1,000000 |    9,410848 |2,308295e-15 | 4,000000 | 17,413825
--------+-------------------+-------------+-------------+----------+-------------
0,000230| 0,500000:0,643270 |    7,975639 |1,663300e-15 | 0,000000 |   
0,000230| 0,643730:1,000000 |    9,383237 |2,260655e-15 | 0,000000 | 17,358877
--------+-------------------+-------------+-------------+----------+-------------
0,000235| 0,500000:0,643265 |    7,948887 |2,378401e-15 | 4,000000 |   
0,000235| 0,643735:1,000000 |    9,356223 |2,908088e-15 | 0,000000 | 17,305110
--------+-------------------+-------------+-------------+----------+-------------
0,000240| 0,500000:0,643260 |    7,922694 |2,139726e-15 | 0,000000 |   
0,000240| 0,643740:1,000000 |    9,329781 |2,088668e-15 | 0,000000 | 17,252475
--------+-------------------+-------------+-------------+----------+-------------
0,000245| 0,500000:0,643255 |    7,897040 |1,970266e-15 | 0,000000 |   
0,000245| 0,643745:1,000000 |    9,303886 |2,397642e-15 | 0,000000 | 17,200926
--------+-------------------+-------------+-------------+----------+-------------
0,000250| 0,500000:0,643250 |    7,871902 |2,538793e-15 | 4,000000 |   
0,000250| 0,643750:1,000000 |    9,278517 |2,149673e-15 | 4,000000 | 17,150418
--------+-------------------+-------------+-------------+----------+-------------
0,000255| 0,500000:0,643245 |    7,847259 |2,354643e-15 | 4,000000 |   
0,000255| 0,643755:1,000000 |    9,253652 |1,989364e-15 | 4,000000 | 17,100911
--------+-------------------+-------------+-------------+----------+-------------
0,000260| 0,500000:0,643240 |    7,823093 |1,797872e-15 | 0,000000 |   
0,000260| 0,643760:1,000000 |    9,229272 |2,479928e-15 | 4,000000 | 17,052365
--------+-------------------+-------------+-------------+----------+-------------
0,000265| 0,500000:0,643235 |    7,799385 |1,252284e-15 | 0,000000 |   
0,000265| 0,643765:1,000000 |    9,205358 |2,229725e-15 | 0,000000 | 17,004743
--------+-------------------+-------------+-------------+----------+-------------
0,000270| 0,500000:0,643230 |    7,776119 |1,850019e-15 | 0,000000 |   
0,000270| 0,643770:1,000000 |    9,181893 |2,509370e-15 | 0,000000 | 16,958012
--------+-------------------+-------------+-------------+----------+-------------
0,000275| 0,500000:0,643225 |    7,753277 |1,699005e-15 | 0,000000 |   
0,000275| 0,643775:1,000000 |    9,158861 |1,758694e-15 | 0,000000 | 16,912138
--------+-------------------+-------------+-------------+----------+-------------
0,000280| 0,500000:0,643220 |    7,730846 |1,765260e-15 | 0,000000 |   
0,000280| 0,643780:1,000000 |    9,136245 |2,043196e-15 | 0,000000 | 16,867091
--------+-------------------+-------------+-------------+----------+-------------
0,000285| 0,500000:0,643215 |    7,708811 |2,205878e-15 | 4,000000 |   
0,000285| 0,643785:1,000000 |    9,114031 |2,061577e-15 | 0,000000 | 16,822842
--------+-------------------+-------------+-------------+----------+-------------
0,000290| 0,500000:0,643210 |    7,687157 |1,967309e-15 | 0,000000 |   
0,000290| 0,643790:1,000000 |    9,092205 |1,967282e-15 | 0,000000 | 16,779362
--------+-------------------+-------------+-------------+----------+-------------
0,000295| 0,500000:0,643205 |    7,665872 |1,760648e-15 | 0,000000 |   
0,000295| 0,643795:1,000000 |    9,070753 |1,763686e-15 | 0,000000 | 16,736625
--------+-------------------+-------------+-------------+----------+-------------
0,000300| 0,500000:0,643200 |    7,644943 |1,695749e-15 | 0,000000 |   
0,000300| 0,643800:1,000000 |    9,049663 |2,008467e-15 | 0,000000 | 16,694607
--------+-------------------+-------------+-------------+----------+-------------
0,000305| 0,500000:0,643195 |    7,624360 |1,805171e-15 | 0,000000 |   
0,000305| 0,643805:1,000000 |    9,028923 |2,053858e-15 | 0,000000 | 16,653283
--------+-------------------+-------------+-------------+----------+-------------
0,000310| 0,500000:0,643190 |    7,604109 |1,253016e-15 | 0,000000 |   
0,000310| 0,643810:1,000000 |    9,008522 |1,872023e-15 | 0,000000 | 16,612631
--------+-------------------+-------------+-------------+----------+-------------
0,000315| 0,500000:0,643185 |    7,584182 |1,590099e-15 | 0,000000 |   
0,000315| 0,643815:1,000000 |    8,988448 |1,998374e-15 | 0,000000 | 16,572630
--------+-------------------+-------------+-------------+----------+-------------
0,000320| 0,500000:0,643180 |    7,564567 |1,889360e-15 | 0,000000 |   
0,000320| 0,643820:1,000000 |    8,968691 |1,913480e-15 | 0,000000 | 16,533258
--------+-------------------+-------------+-------------+----------+-------------
0,000325| 0,500000:0,643175 |    7,545256 |1,913615e-15 | 0,000000 |   
0,000325| 0,643825:1,000000 |    8,949242 |1,929216e-15 | 0,000000 | 16,494497
--------+-------------------+-------------+-------------+----------+-------------
0,000330| 0,500000:0,643170 |    7,526238 |1,542266e-15 | 0,000000 |   
0,000330| 0,643830:1,000000 |    8,930090 |1,908840e-15 | 0,000000 | 16,456328
--------+-------------------+-------------+-------------+----------+-------------
0,000335| 0,500000:0,643165 |    7,507506 |1,386639e-15 | 0,000000 |   
0,000335| 0,643835:1,000000 |    8,911228 |1,812252e-15 | 0,000000 | 16,418733
--------+-------------------+-------------+-------------+----------+-------------
0,000340| 0,500000:0,643160 |    7,489050 |1,903550e-15 | 0,000000 |   
0,000340| 0,643840:1,000000 |    8,892645 |2,005754e-15 | 0,000000 | 16,381695
--------+-------------------+-------------+-------------+----------+-------------
0,000345| 0,500000:0,643155 |    7,470863 |1,420147e-15 | 0,000000 |   
0,000345| 0,643845:1,000000 |    8,874335 |1,615467e-15 | 0,000000 | 16,345198
--------+-------------------+-------------+-------------+----------+-------------
0,000350| 0,500000:0,643150 |    7,452936 |1,371473e-15 | 0,000000 |   
0,000350| 0,643850:1,000000 |    8,856289 |1,864073e-15 | 0,000000 | 16,309226
--------+-------------------+-------------+-------------+----------+-------------
0,000355| 0,500000:0,643145 |    7,435263 |1,370550e-15 | 0,000000 |   
0,000355| 0,643855:1,000000 |    8,838500 |1,791686e-15 | 0,000000 | 16,273764
--------+-------------------+-------------+-------------+----------+-------------
0,000360| 0,500000:0,643140 |    7,417837 |1,419550e-15 | 0,000000 |   
0,000360| 0,643860:1,000000 |    8,820961 |1,798143e-15 | 0,000000 | 16,238798
--------+-------------------+-------------+-------------+----------+-------------
0,000365| 0,500000:0,643135 |    7,400650 |1,282074e-15 | 0,000000 |   
0,000365| 0,643865:1,000000 |    8,803664 |1,551165e-15 | 0,000000 | 16,204314
--------+-------------------+-------------+-------------+----------+-------------
0,000370| 0,500000:0,643130 |    7,383697 |1,481301e-15 | 0,000000 |   
0,000370| 0,643870:1,000000 |    8,786603 |1,962289e-15 | 0,000000 | 16,170300
--------+-------------------+-------------+-------------+----------+-------------
0,000375| 0,500000:0,643125 |    7,366970 |1,487080e-15 | 0,000000 |   
0,000375| 0,643875:1,000000 |    8,769772 |1,953309e-15 | 0,000000 | 16,136742
--------+-------------------+-------------+-------------+----------+-------------
0,000380| 0,500000:0,643120 |    7,350464 |1,307171e-15 | 0,000000 |   
0,000380| 0,643880:1,000000 |    8,753164 |1,638420e-15 | 0,000000 | 16,103628
--------+-------------------+-------------+-------------+----------+-------------
0,000385| 0,500000:0,643115 |    7,334174 |1,672117e-15 | 0,000000 |   
0,000385| 0,643885:1,000000 |    8,736774 |1,686443e-15 | 0,000000 | 16,070948
--------+-------------------+-------------+-------------+----------+-------------
0,000390| 0,500000:0,643110 |    7,318093 |1,390600e-15 | 0,000000 |   
0,000390| 0,643890:1,000000 |    8,720596 |1,616932e-15 | 0,000000 | 16,038689
--------+-------------------+-------------+-------------+----------+-------------
0,000395| 0,500000:0,643105 |    7,302216 |1,403054e-15 | 0,000000 |   
0,000395| 0,643895:1,000000 |    8,704625 |1,804058e-15 | 0,000000 | 16,006841
--------+-------------------+-------------+-------------+----------+-------------
0,000400| 0,500000:0,643100 |    7,286539 |9,776583e-16 | 0,000000 |   
0,000400| 0,643900:1,000000 |    8,688855 |1,433550e-15 | 0,000000 | 15,975394
--------+-------------------+-------------+-------------+----------+-------------
0,000405| 0,500000:0,643095 |    7,271056 |1,533611e-15 | 0,000000 |   
0,000405| 0,643905:1,000000 |    8,673282 |1,816810e-15 | 0,000000 | 15,944338
--------+-------------------+-------------+-------------+----------+-------------
0,000410| 0,500000:0,643090 |    7,255762 |1,416891e-15 | 0,000000 |   
0,000410| 0,643910:1,000000 |    8,657900 |1,737287e-15 | 0,000000 | 15,913662
--------+-------------------+-------------+-------------+----------+-------------
0,000415| 0,500000:0,643085 |    7,240653 |1,327221e-15 | 0,000000 |   
0,000415| 0,643915:1,000000 |    8,642705 |1,655947e-15 | 0,000000 | 15,883358
--------+-------------------+-------------+-------------+----------+-------------
0,000420| 0,500000:0,643080 |    7,225725 |1,316531e-15 | 0,000000 |   
0,000420| 0,643920:1,000000 |    8,627693 |1,550107e-15 | 0,000000 | 15,853418
--------+-------------------+-------------+-------------+----------+-------------
0,000425| 0,500000:0,643075 |    7,210973 |1,312055e-15 | 0,000000 |   
0,000425| 0,643925:1,000000 |    8,612858 |1,701202e-15 | 0,000000 | 15,823831
--------+-------------------+-------------+-------------+----------+-------------
0,000430| 0,500000:0,643070 |    7,196393 |1,415155e-15 | 0,000000 |   
0,000430| 0,643930:1,000000 |    8,598198 |1,554692e-15 | 0,000000 | 15,794591
--------+-------------------+-------------+-------------+----------+-------------
0,000435| 0,500000:0,643065 |    7,181981 |1,353891e-15 | 0,000000 |   
0,000435| 0,643935:1,000000 |    8,583707 |1,628463e-15 | 0,000000 | 15,765689
--------+-------------------+-------------+-------------+----------+-------------
0,000440| 0,500000:0,643060 |    7,167734 |1,308039e-15 | 0,000000 |   
0,000440| 0,643940:1,000000 |    8,569383 |1,311593e-15 | 0,000000 | 15,737117
--------+-------------------+-------------+-------------+----------+-------------
0,000445| 0,500000:0,643055 |    7,153647 |1,007205e-15 | 0,000000 |   
0,000445| 0,643945:1,000000 |    8,555221 |1,664086e-15 | 0,000000 | 15,708868
--------+-------------------+-------------+-------------+----------+-------------
0,000450| 0,500000:0,643050 |    7,139718 |1,477150e-15 | 0,000000 |   
0,000450| 0,643950:1,000000 |    8,541217 |1,626319e-15 | 0,000000 | 15,680934
--------+-------------------+-------------+-------------+----------+-------------
0,000455| 0,500000:0,643045 |    7,125941 |1,366101e-15 | 0,000000 |   
0,000455| 0,643955:1,000000 |    8,527368 |1,430538e-15 | 0,000000 | 15,653310
--------+-------------------+-------------+-------------+----------+-------------
0,000460| 0,500000:0,643040 |    7,112315 |1,581064e-15 | 0,000000 |   
0,000460| 0,643960:1,000000 |    8,513671 |1,543650e-15 | 0,000000 | 15,625987
--------+-------------------+-------------+-------------+----------+-------------
0,000465| 0,500000:0,643035 |    7,098836 |1,288830e-15 | 0,000000 |   
0,000465| 0,643965:1,000000 |    8,500123 |1,450100e-15 | 0,000000 | 15,598959
--------+-------------------+-------------+-------------+----------+-------------
0,000470| 0,500000:0,643030 |    7,085501 |1,084909e-15 | 0,000000 |   
0,000470| 0,643970:1,000000 |    8,486720 |1,439437e-15 | 0,000000 | 15,572221
--------+-------------------+-------------+-------------+----------+-------------
0,000475| 0,500000:0,643025 |    7,072307 |1,500348e-15 | 0,000000 |   
0,000475| 0,643975:1,000000 |    8,473459 |1,374729e-15 | 0,000000 | 15,545766
--------+-------------------+-------------+-------------+----------+-------------
0,000480| 0,500000:0,643020 |    7,059250 |1,393775e-15 | 0,000000 |   
0,000480| 0,643980:1,000000 |    8,460337 |1,833225e-15 | 0,000000 | 15,519587
--------+-------------------+-------------+-------------+----------+-------------
0,000485| 0,500000:0,643015 |    7,046329 |1,154366e-15 | 0,000000 |   
0,000485| 0,643985:1,000000 |    8,447351 |1,559142e-15 | 0,000000 | 15,493680
--------+-------------------+-------------+-------------+----------+-------------
0,000490| 0,500000:0,643010 |    7,033540 |1,075495e-15 | 0,000000 |   
0,000490| 0,643990:1,000000 |    8,434499 |1,480135e-15 | 0,000000 | 15,468039
--------+-------------------+-------------+-------------+----------+-------------
0,000495| 0,500000:0,643005 |    7,020880 |1,312245e-15 | 0,000000 |   
0,000495| 0,643995:1,000000 |    8,421777 |1,625207e-15 | 0,000000 | 15,442658
--------+-------------------+-------------+-------------+----------+-------------
0,000500| 0,500000:0,643000 |    7,008348 |1,346919e-15 | 0,000000 |   
0,000500| 0,644000:1,000000 |    8,409184 |1,477801e-15 | 0,000000 | 15,417532
--------+-------------------+-------------+-------------+----------+-------------
0,000505| 0,500000:0,642995 |    6,995939 |1,158083e-15 | 0,000000 |   
0,000505| 0,644005:1,000000 |    8,396716 |1,469987e-15 | 0,000000 | 15,392656
--------+-------------------+-------------+-------------+----------+-------------
0,000510| 0,500000:0,642990 |    6,983653 |1,415344e-15 | 0,000000 |   
0,000510| 0,644010:1,000000 |    8,384372 |1,438759e-15 | 0,000000 | 15,368025
--------+-------------------+-------------+-------------+----------+-------------
0,000515| 0,500000:0,642985 |    6,971487 |1,252501e-15 | 0,000000 |   
0,000515| 0,644015:1,000000 |    8,372148 |1,409864e-15 | 0,000000 | 15,343634
--------+-------------------+-------------+-------------+----------+-------------
0,000520| 0,500000:0,642980 |    6,959437 |1,468929e-15 | 0,000000 |   
0,000520| 0,644020:1,000000 |    8,360042 |1,425790e-15 | 0,000000 | 15,319479
--------+-------------------+-------------+-------------+----------+-------------
0,000525| 0,500000:0,642975 |    6,947503 |1,401345e-15 | 0,000000 |   
0,000525| 0,644025:1,000000 |    8,348052 |1,413093e-15 | 0,000000 | 15,295556
--------+-------------------+-------------+-------------+----------+-------------
0,000530| 0,500000:0,642970 |    6,935682 |1,359019e-15 | 0,000000 |   
0,000530| 0,644030:1,000000 |    8,336177 |1,526231e-15 | 0,000000 | 15,271859
--------+-------------------+-------------+-------------+----------+-------------
0,000535| 0,500000:0,642965 |    6,923972 |1,272226e-15 | 0,000000 |   
0,000535| 0,644035:1,000000 |    8,324413 |1,481980e-15 | 0,000000 | 15,248384
--------+-------------------+-------------+-------------+----------+-------------
0,000540| 0,500000:0,642960 |    6,912370 |1,458511e-15 | 0,000000 |   
0,000540| 0,644040:1,000000 |    8,312758 |1,352725e-15 | 0,000000 | 15,225128
--------+-------------------+-------------+-------------+----------+-------------
0,000545| 0,500000:0,642955 |    6,900875 |1,469173e-15 | 0,000000 |   
0,000545| 0,644045:1,000000 |    8,301212 |1,207978e-15 | 0,000000 | 15,202086
--------+-------------------+-------------+-------------+----------+-------------
0,000550| 0,500000:0,642950 |    6,889485 |1,456774e-15 | 0,000000 |   
0,000550| 0,644050:1,000000 |    8,289770 |1,510332e-15 | 0,000000 | 15,179255
--------+-------------------+-------------+-------------+----------+-------------
0,000555| 0,500000:0,642945 |    6,878197 |1,386395e-15 | 0,000000 |   
0,000555| 0,644055:1,000000 |    8,278433 |1,484584e-15 | 0,000000 | 15,156630
--------+-------------------+-------------+-------------+----------+-------------
0,000560| 0,500000:0,642940 |    6,867011 |1,259202e-15 | 0,000000 |   
0,000560| 0,644060:1,000000 |    8,267198 |1,660966e-15 | 0,000000 | 15,134209
--------+-------------------+-------------+-------------+----------+-------------
0,000565| 0,500000:0,642935 |    6,855924 |1,433523e-15 | 0,000000 |   
0,000565| 0,644065:1,000000 |    8,256062 |1,368488e-15 | 0,000000 | 15,111986
--------+-------------------+-------------+-------------+----------+-------------
0,000570| 0,500000:0,642930 |    6,844935 |1,315392e-15 | 0,000000 |   
0,000570| 0,644070:1,000000 |    8,245025 |1,638122e-15 | 0,000000 | 15,089960
--------+-------------------+-------------+-------------+----------+-------------
0,000575| 0,500000:0,642925 |    6,834041 |1,174064e-15 | 0,000000 |   
0,000575| 0,644075:1,000000 |    8,234084 |1,530029e-15 | 0,000000 | 15,068125
--------+-------------------+-------------+-------------+----------+-------------
0,000580| 0,500000:0,642920 |    6,823242 |1,214001e-15 | 0,000000 |   
0,000580| 0,644080:1,000000 |    8,223238 |1,175556e-15 | 0,000000 | 15,046480
--------+-------------------+-------------+-------------+----------+-------------
0,000585| 0,500000:0,642915 |    6,812535 |1,221625e-15 | 0,000000 |   
0,000585| 0,644085:1,000000 |    8,212486 |1,397546e-15 | 0,000000 | 15,025021
--------+-------------------+-------------+-------------+----------+-------------
0,000590| 0,500000:0,642910 |    6,801919 |1,337368e-15 | 0,000000 |   
0,000590| 0,644090:1,000000 |    8,201825 |1,188362e-15 | 0,000000 | 15,003744
--------+-------------------+-------------+-------------+----------+-------------
0,000595| 0,500000:0,642905 |    6,791392 |1,197939e-15 | 0,000000 |   
0,000595| 0,644095:1,000000 |    8,191254 |1,437185e-15 | 0,000000 | 14,982647
--------+-------------------+-------------+-------------+----------+-------------
0,000600| 0,500000:0,642900 |    6,780954 |1,260233e-15 | 0,000000 |   
0,000600| 0,644100:1,000000 |    8,180772 |1,259609e-15 | 0,000000 | 14,961726
--------+-------------------+-------------+-------------+----------+-------------
0,000605| 0,500000:0,642895 |    6,770601 |1,471615e-15 | 0,000000 |   
0,000605| 0,644105:1,000000 |    8,170377 |1,348628e-15 | 0,000000 | 14,940979
--------+-------------------+-------------+-------------+----------+-------------
0,000610| 0,500000:0,642890 |    6,760334 |1,225261e-15 | 0,000000 |   
0,000610| 0,644110:1,000000 |    8,160068 |1,512448e-15 | 0,000000 | 14,920402
--------+-------------------+-------------+-------------+----------+-------------
0,000615| 0,500000:0,642885 |    6,750151 |1,125851e-15 | 0,000000 |   
0,000615| 0,644115:1,000000 |    8,149843 |1,385771e-15 | 0,000000 | 14,899994
--------+-------------------+-------------+-------------+----------+-------------
0,000620| 0,500000:0,642880 |    6,740050 |1,288043e-15 | 0,000000 |   
0,000620| 0,644120:1,000000 |    8,139701 |1,395159e-15 | 0,000000 | 14,879751
--------+-------------------+-------------+-------------+----------+-------------
0,000625| 0,500000:0,642875 |    6,730030 |1,132390e-15 | 0,000000 |   
0,000625| 0,644125:1,000000 |    8,129641 |1,360620e-15 | 0,000000 | 14,859671
--------+-------------------+-------------+-------------+----------+-------------
0,000630| 0,500000:0,642870 |    6,720090 |1,162994e-15 | 0,000000 |   
0,000630| 0,644130:1,000000 |    8,119660 |1,415019e-15 | 0,000000 | 14,839750
--------+-------------------+-------------+-------------+----------+-------------
0,000635| 0,500000:0,642865 |    6,710228 |1,175854e-15 | 0,000000 |   
0,000635| 0,644135:1,000000 |    8,109759 |1,517196e-15 | 0,000000 | 14,819987
--------+-------------------+-------------+-------------+----------+-------------
0,000640| 0,500000:0,642860 |    6,700443 |1,407503e-15 | 0,000000 |   
0,000640| 0,644140:1,000000 |    8,099936 |1,515487e-15 | 0,000000 | 14,800379
--------+-------------------+-------------+-------------+----------+-------------
0,000645| 0,500000:0,642855 |    6,690735 |1,172870e-15 | 0,000000 |   
0,000645| 0,644145:1,000000 |    8,090189 |1,699412e-15 | 0,000000 | 14,780924
--------+-------------------+-------------+-------------+----------+-------------
0,000650| 0,500000:0,642850 |    6,681101 |1,379477e-15 | 0,000000 |   
0,000650| 0,644150:1,000000 |    8,080518 |1,391360e-15 | 0,000000 | 14,761618
--------+-------------------+-------------+-------------+----------+-------------
0,000655| 0,500000:0,642845 |    6,671541 |1,173765e-15 | 0,000000 |   
0,000655| 0,644155:1,000000 |    8,070920 |1,446302e-15 | 0,000000 | 14,742461
--------+-------------------+-------------+-------------+----------+-------------
0,000660| 0,500000:0,642840 |    6,662054 |1,074545e-15 | 0,000000 |   
0,000660| 0,644160:1,000000 |    8,061396 |1,429154e-15 | 0,000000 | 14,723450
--------+-------------------+-------------+-------------+----------+-------------
0,000665| 0,500000:0,642835 |    6,652638 |1,142157e-15 | 0,000000 |   
0,000665| 0,644165:1,000000 |    8,051944 |1,554991e-15 | 0,000000 | 14,704582
--------+-------------------+-------------+-------------+----------+-------------
0,000670| 0,500000:0,642830 |    6,643292 |9,529957e-16 | 0,000000 |   
0,000670| 0,644170:1,000000 |    8,042563 |1,309504e-15 | 0,000000 | 14,685855
--------+-------------------+-------------+-------------+----------+-------------
0,000675| 0,500000:0,642825 |    6,634016 |9,889179e-16 | 0,000000 |   
0,000675| 0,644175:1,000000 |    8,033251 |1,678195e-15 | 0,000000 | 14,667267
--------+-------------------+-------------+-------------+----------+-------------
0,000680| 0,500000:0,642820 |    6,624808 |1,125417e-15 | 0,000000 |   
0,000680| 0,644180:1,000000 |    8,024009 |1,558816e-15 | 0,000000 | 14,648817
--------+-------------------+-------------+-------------+----------+-------------
0,000685| 0,500000:0,642815 |    6,615668 |1,308392e-15 | 0,000000 |   
0,000685| 0,644185:1,000000 |    8,014834 |1,498340e-15 | 0,000000 | 14,630502
--------+-------------------+-------------+-------------+----------+-------------
0,000690| 0,500000:0,642810 |    6,606594 |1,044727e-15 | 0,000000 |   
0,000690| 0,644190:1,000000 |    8,005726 |1,570510e-15 | 0,000000 | 14,612320
--------+-------------------+-------------+-------------+----------+-------------
0,000695| 0,500000:0,642805 |    6,597586 |1,044538e-15 | 0,000000 |   
0,000695| 0,644195:1,000000 |    7,996684 |1,595579e-15 | 0,000000 | 14,594269
--------+-------------------+-------------+-------------+----------+-------------
0,000700| 0,500000:0,642800 |    6,588641 |1,081002e-15 | 0,000000 |   
0,000700| 0,644200:1,000000 |    7,987707 |1,516138e-15 | 0,000000 | 14,576348
--------+-------------------+-------------+-------------+----------+-------------
0,000705| 0,500000:0,642795 |    6,579761 |9,437981e-16 | 0,000000 |   
0,000705| 0,644205:1,000000 |    7,978793 |1,576506e-15 | 0,000000 | 14,558554
--------+-------------------+-------------+-------------+----------+-------------
0,000710| 0,500000:0,642790 |    6,570943 |8,299270e-16 | 0,000000 |   
0,000710| 0,644210:1,000000 |    7,969943 |1,567498e-15 | 0,000000 | 14,540886
--------+-------------------+-------------+-------------+----------+-------------
0,000715| 0,500000:0,642785 |    6,562187 |8,215705e-16 | 0,000000 |   
0,000715| 0,644215:1,000000 |    7,961155 |1,576723e-15 | 0,000000 | 14,523342
--------+-------------------+-------------+-------------+----------+-------------
0,000720| 0,500000:0,642780 |    6,553492 |9,256742e-16 | 0,000000 |   
0,000720| 0,644220:1,000000 |    7,952428 |1,556564e-15 | 0,000000 | 14,505921
--------+-------------------+-------------+-------------+----------+-------------
0,000725| 0,500000:0,642775 |    6,544857 |1,009511e-15 | 0,000000 |   
0,000725| 0,644225:1,000000 |    7,943762 |1,324318e-15 | 0,000000 | 14,488619
--------+-------------------+-------------+-------------+----------+-------------
0,000730| 0,500000:0,642770 |    6,536282 |1,039600e-15 | 0,000000 |   
0,000730| 0,644230:1,000000 |    7,935156 |1,463883e-15 | 0,000000 | 14,471437
--------+-------------------+-------------+-------------+----------+-------------
0,000735| 0,500000:0,642765 |    6,527764 |9,430384e-16 | 0,000000 |   
0,000735| 0,644235:1,000000 |    7,926608 |1,318973e-15 | 0,000000 | 14,454372
--------+-------------------+-------------+-------------+----------+-------------
0,000740| 0,500000:0,642760 |    6,519305 |1,167850e-15 | 0,000000 |   
0,000740| 0,644240:1,000000 |    7,918118 |1,608060e-15 | 0,000000 | 14,437423
--------+-------------------+-------------+-------------+----------+-------------
0,000745| 0,500000:0,642755 |    6,510902 |1,013336e-15 | 0,000000 |   
0,000745| 0,644245:1,000000 |    7,909686 |1,505123e-15 | 0,000000 | 14,420588
--------+-------------------+-------------+-------------+----------+-------------
0,000750| 0,500000:0,642750 |    6,502556 |9,172092e-16 | 0,000000 |   
0,000750| 0,644250:1,000000 |    7,901310 |1,390492e-15 | 0,000000 | 14,403865
--------+-------------------+-------------+-------------+----------+-------------
0,000755| 0,500000:0,642745 |    6,494264 |1,021096e-15 | 0,000000 |   
0,000755| 0,644255:1,000000 |    7,892990 |1,298787e-15 | 0,000000 | 14,387254
--------+-------------------+-------------+-------------+----------+-------------
0,000760| 0,500000:0,642740 |    6,486028 |9,204921e-16 | 0,000000 |   
0,000760| 0,644260:1,000000 |    7,884724 |1,339702e-15 | 0,000000 | 14,370752
--------+-------------------+-------------+-------------+----------+-------------
0,000765| 0,500000:0,642735 |    6,477846 |1,006879e-15 | 0,000000 |   
0,000765| 0,644265:1,000000 |    7,876513 |1,415779e-15 | 0,000000 | 14,354359
--------+-------------------+-------------+-------------+----------+-------------
0,000770| 0,500000:0,642730 |    6,469716 |9,523174e-16 | 0,000000 |   
0,000770| 0,644270:1,000000 |    7,868356 |1,340407e-15 | 0,000000 | 14,338072
--------+-------------------+-------------+-------------+----------+-------------
0,000775| 0,500000:0,642725 |    6,461640 |1,188769e-15 | 0,000000 |   
0,000775| 0,644275:1,000000 |    7,860251 |1,437511e-15 | 0,000000 | 14,321891
--------+-------------------+-------------+-------------+----------+-------------
0,000780| 0,500000:0,642720 |    6,453615 |1,002701e-15 | 0,000000 |   
0,000780| 0,644280:1,000000 |    7,852199 |1,257466e-15 | 0,000000 | 14,305813
--------+-------------------+-------------+-------------+----------+-------------
0,000785| 0,500000:0,642715 |    6,445641 |1,115107e-15 | 0,000000 |   
0,000785| 0,644285:1,000000 |    7,844198 |1,401860e-15 | 0,000000 | 14,289839
--------+-------------------+-------------+-------------+----------+-------------
0,000790| 0,500000:0,642710 |    6,437718 |9,608638e-16 | 0,000000 |   
0,000790| 0,644290:1,000000 |    7,836248 |1,278249e-15 | 0,000000 | 14,273966
--------+-------------------+-------------+-------------+----------+-------------
0,000795| 0,500000:0,642705 |    6,429845 |9,275734e-16 | 0,000000 |   
0,000795| 0,644295:1,000000 |    7,828348 |1,274722e-15 | 0,000000 | 14,258193
--------+-------------------+-------------+-------------+----------+-------------
0,000800| 0,500000:0,642700 |    6,422021 |9,540810e-16 | 0,000000 |   
0,000800| 0,644300:1,000000 |    7,820498 |1,315066e-15 | 0,000000 | 14,242519
--------+-------------------+-------------+-------------+----------+-------------
0,000805| 0,500000:0,642695 |    6,414246 |1,032545e-15 | 0,000000 |   
0,000805| 0,644305:1,000000 |    7,812696 |1,361000e-15 | 0,000000 | 14,226942
--------+-------------------+-------------+-------------+----------+-------------
0,000810| 0,500000:0,642690 |    6,406519 |8,420819e-16 | 0,000000 |   
0,000810| 0,644310:1,000000 |    7,804943 |1,346213e-15 | 0,000000 | 14,211462
--------+-------------------+-------------+-------------+----------+-------------
0,000815| 0,500000:0,642685 |    6,398840 |9,519376e-16 | 0,000000 |   
0,000815| 0,644315:1,000000 |    7,797238 |1,142591e-15 | 0,000000 | 14,196078
--------+-------------------+-------------+-------------+----------+-------------
0,000820| 0,500000:0,642680 |    6,391207 |1,241540e-15 | 0,000000 |   
0,000820| 0,644320:1,000000 |    7,789580 |1,293931e-15 | 0,000000 | 14,180787
--------+-------------------+-------------+-------------+----------+-------------
0,000825| 0,500000:0,642675 |    6,383621 |9,535383e-16 | 0,000000 |   
0,000825| 0,644325:1,000000 |    7,781969 |1,195389e-15 | 0,000000 | 14,165589
--------+-------------------+-------------+-------------+----------+-------------
0,000830| 0,500000:0,642670 |    6,376080 |9,054070e-16 | 0,000000 |   
0,000830| 0,644330:1,000000 |    7,774403 |1,229738e-15 | 0,000000 | 14,150484
--------+-------------------+-------------+-------------+----------+-------------
0,000835| 0,500000:0,642665 |    6,368585 |9,219843e-16 | 0,000000 |   
0,000835| 0,644335:1,000000 |    7,766883 |1,248323e-15 | 0,000000 | 14,135469
--------+-------------------+-------------+-------------+----------+-------------
0,000840| 0,500000:0,642660 |    6,361135 |8,768646e-16 | 0,000000 |   
0,000840| 0,644340:1,000000 |    7,759408 |1,188552e-15 | 0,000000 | 14,120543
--------+-------------------+-------------+-------------+----------+-------------
0,000845| 0,500000:0,642655 |    6,353728 |8,571942e-16 | 0,000000 |   
0,000845| 0,644345:1,000000 |    7,751978 |1,224257e-15 | 0,000000 | 14,105706
--------+-------------------+-------------+-------------+----------+-------------
0,000850| 0,500000:0,642650 |    6,346366 |8,694577e-16 | 0,000000 |   
0,000850| 0,644350:1,000000 |    7,744591 |1,242327e-15 | 0,000000 | 14,090957
--------+-------------------+-------------+-------------+----------+-------------
0,000855| 0,500000:0,642645 |    6,339046 |9,723676e-16 | 0,000000 |   
0,000855| 0,644355:1,000000 |    7,737248 |1,236358e-15 | 0,000000 | 14,076294
--------+-------------------+-------------+-------------+----------+-------------
0,000860| 0,500000:0,642640 |    6,331769 |9,293641e-16 | 0,000000 |   
0,000860| 0,644360:1,000000 |    7,729948 |1,170943e-15 | 0,000000 | 14,061717
--------+-------------------+-------------+-------------+----------+-------------
0,000865| 0,500000:0,642635 |    6,324534 |9,851194e-16 | 0,000000 |   
0,000865| 0,644365:1,000000 |    7,722689 |1,132742e-15 | 0,000000 | 14,047224
--------+-------------------+-------------+-------------+----------+-------------
0,000870| 0,500000:0,642630 |    6,317341 |8,644112e-16 | 0,000000 |   
0,000870| 0,644370:1,000000 |    7,715473 |1,196094e-15 | 0,000000 | 14,032815
--------+-------------------+-------------+-------------+----------+-------------
0,000875| 0,500000:0,642625 |    6,310189 |1,057398e-15 | 0,000000 |   
0,000875| 0,644375:1,000000 |    7,708298 |1,323667e-15 | 0,000000 | 14,018488
--------+-------------------+-------------+-------------+----------+-------------
0,000880| 0,500000:0,642620 |    6,303078 |8,855467e-16 | 0,000000 |   
0,000880| 0,644380:1,000000 |    7,701165 |1,218451e-15 | 0,000000 | 14,004243
--------+-------------------+-------------+-------------+----------+-------------
0,000885| 0,500000:0,642615 |    6,296007 |7,795708e-16 | 0,000000 |   
0,000885| 0,644385:1,000000 |    7,694071 |1,141723e-15 | 0,000000 | 13,990078
--------+-------------------+-------------+-------------+----------+-------------
0,000890| 0,500000:0,642610 |    6,288976 |7,746600e-16 | 0,000000 |   
0,000890| 0,644390:1,000000 |    7,687018 |1,142265e-15 | 0,000000 | 13,975994
--------+-------------------+-------------+-------------+----------+-------------
0,000895| 0,500000:0,642605 |    6,281984 |8,564074e-16 | 0,000000 |   
0,000895| 0,644395:1,000000 |    7,680004 |1,215683e-15 | 0,000000 | 13,961988
--------+-------------------+-------------+-------------+----------+-------------
0,000900| 0,500000:0,642600 |    6,275032 |9,295269e-16 | 0,000000 |   
0,000900| 0,644400:1,000000 |    7,673029 |1,169424e-15 | 0,000000 | 13,948061
--------+-------------------+-------------+-------------+----------+-------------
0,000905| 0,500000:0,642595 |    6,268117 |8,785196e-16 | 0,000000 |   
0,000905| 0,644405:1,000000 |    7,666093 |1,102355e-15 | 0,000000 | 13,934210
--------+-------------------+-------------+-------------+----------+-------------
0,000910| 0,500000:0,642590 |    6,261241 |1,049557e-15 | 0,000000 |   
0,000910| 0,644410:1,000000 |    7,659195 |1,198997e-15 | 0,000000 | 13,920436
--------+-------------------+-------------+-------------+----------+-------------
0,000915| 0,500000:0,642585 |    6,254402 |8,874730e-16 | 0,000000 |   
0,000915| 0,644415:1,000000 |    7,652335 |1,037239e-15 | 0,000000 | 13,906737
--------+-------------------+-------------+-------------+----------+-------------
0,000920| 0,500000:0,642580 |    6,247601 |1,006201e-15 | 0,000000 |   
0,000920| 0,644420:1,000000 |    7,645513 |1,311973e-15 | 0,000000 | 13,893113
--------+-------------------+-------------+-------------+----------+-------------
0,000925| 0,500000:0,642575 |    6,240836 |9,850109e-16 | 0,000000 |   
0,000925| 0,644425:1,000000 |    7,638727 |1,144734e-15 | 0,000000 | 13,879563
--------+-------------------+-------------+-------------+----------+-------------
0,000930| 0,500000:0,642570 |    6,234108 |9,313176e-16 | 0,000000 |   
0,000930| 0,644430:1,000000 |    7,631978 |1,116219e-15 | 0,000000 | 13,866086
--------+-------------------+-------------+-------------+----------+-------------
0,000935| 0,500000:0,642565 |    6,227416 |9,650692e-16 | 0,000000 |   
0,000935| 0,644435:1,000000 |    7,625265 |1,123246e-15 | 0,000000 | 13,852681
--------+-------------------+-------------+-------------+----------+-------------
0,000940| 0,500000:0,642560 |    6,220759 |7,602803e-16 | 0,000000 |   
0,000940| 0,644440:1,000000 |    7,618588 |1,162017e-15 | 0,000000 | 13,839348
--------+-------------------+-------------+-------------+----------+-------------
0,000945| 0,500000:0,642555 |    6,214138 |8,661476e-16 | 0,000000 |   
0,000945| 0,644445:1,000000 |    7,611947 |1,153254e-15 | 0,000000 | 13,826085
--------+-------------------+-------------+-------------+----------+-------------
0,000950| 0,500000:0,642550 |    6,207552 |8,571399e-16 | 0,000000 |   
0,000950| 0,644450:1,000000 |    7,605340 |9,726932e-16 | 0,000000 | 13,812892
--------+-------------------+-------------+-------------+----------+-------------
0,000955| 0,500000:0,642545 |    6,201000 |9,943984e-16 | 0,000000 |   
0,000955| 0,644455:1,000000 |    7,598769 |1,187277e-15 | 0,000000 | 13,799769
--------+-------------------+-------------+-------------+----------+-------------
0,000960| 0,500000:0,642540 |    6,194483 |7,709701e-16 | 0,000000 |   
0,000960| 0,644460:1,000000 |    7,592231 |1,088545e-15 | 0,000000 | 13,786714
--------+-------------------+-------------+-------------+----------+-------------
0,000965| 0,500000:0,642535 |    6,187999 |9,206820e-16 | 0,000000 |   
0,000965| 0,644465:1,000000 |    7,585728 |1,137653e-15 | 0,000000 | 13,773727
--------+-------------------+-------------+-------------+----------+-------------
0,000970| 0,500000:0,642530 |    6,181549 |9,162867e-16 | 0,000000 |   
0,000970| 0,644470:1,000000 |    7,579258 |1,105773e-15 | 0,000000 | 13,760807
--------+-------------------+-------------+-------------+----------+-------------
0,000975| 0,500000:0,642525 |    6,175132 |6,922344e-16 | 0,000000 |   
0,000975| 0,644475:1,000000 |    7,572822 |1,086320e-15 | 0,000000 | 13,747953
--------+-------------------+-------------+-------------+----------+-------------
0,000980| 0,500000:0,642520 |    6,168747 |8,307952e-16 | 0,000000 |   
0,000980| 0,644480:1,000000 |    7,566418 |1,091339e-15 | 0,000000 | 13,735166
--------+-------------------+-------------+-------------+----------+-------------
0,000985| 0,500000:0,642515 |    6,162395 |6,995328e-16 | 0,000000 |   
0,000985| 0,644485:1,000000 |    7,560048 |1,097444e-15 | 0,000000 | 13,722443
--------+-------------------+-------------+-------------+----------+-------------
0,000990| 0,500000:0,642510 |    6,156076 |8,083031e-16 | 0,000000 |   
0,000990| 0,644490:1,000000 |    7,553709 |1,106397e-15 | 0,000000 | 13,709785
--------+-------------------+-------------+-------------+----------+-------------
0,000995| 0,500000:0,642505 |    6,149788 |7,731678e-16 | 0,000000 |   
0,000995| 0,644495:1,000000 |    7,547402 |1,007150e-15 | 0,000000 | 13,697190
--------+-------------------+-------------+-------------+----------+-------------
0,001000| 0,500000:0,642500 |    6,143532 |8,229542e-16 | 0,000000 |   
0,001000| 0,644500:1,000000 |    7,541127 |1,029724e-15 | 0,000000 | 13,684659
--------+-------------------+-------------+-------------+----------+-------------
0,001005| 0,500000:0,642495 |    6,137306 |7,189047e-16 | 0,000000 |   
0,001005| 0,644505:1,000000 |    7,534884 |1,237714e-15 | 0,000000 | 13,672190
--------+-------------------+-------------+-------------+----------+-------------
